0,0
1,0.0
2,0.0
3,0.0
4,0.0
5,0.0
6,1.0
7,1.0
8,1.0
9,1.0
10,2.0
11,2.0
12,2.0
13,2.0
14,2.0
15,3.0
16,3.0
17,3.0
18,3.0
19,4.0
20,4.0
21,4.0
22,4.0
23,4.0
24,4.0
25,4.0
26,4.0
27,4.0
28,4.0
29,4.0
30,4.0
31,4.0
32,4.0
33,4.0
34,4.0
35,4.0
36,4.0
37,4.0
38,4.0
39,4.0
40,4.0
41,4.0
42,4.0
43,6.0
44,6.0
45,6.0
46,6.0
47,6.0
48,6.0
49,6.0
50,6.0
51,6.0
52,6.0
53,6.0
54,6.0
55,6.0
56,8.0
57,8.0
58,8.0
59,8.0
60,8.0
61,8.0
62,8.0
63,8.0
64,8.0
65,8.0
66,8.0
67,8.0
68,8.0
69,8.0
70,8.0
71,8.0
72,9.0
73,9.0
74,9.0
75,9.0
76,10.0
77,10.0
78,10.0
79,10.0
80,10.0
81,10.0
82,10.0
83,11.0
84,11.0
85,11.0
86,11.0
87,11.0
88,11.0
89,11.0
90,11.0
91,11.0
92,11.0
93,11.0
94,11.0
95,11.0
96,13.0
97,13.0
98,13.0
99,14.0
100,14.0
101,14.0
102,14.0
103,14.0
104,14.0
105,14.0
106,14.0
107,14.0
108,14.0
109,14.0
110,14.0
111,14.0
112,14.0
113,14.0
114,14.0
115,15.0
116,15.0
117,15.0
118,15.0
119,15.0
120,15.0
121,15.0
122,15.0
123,15.0
124,15.0
125,15.0
126,15.0
127,15.0
128,15.0
129,15.0
130,15.0
131,15.0
132,15.0
133,15.0
134,15.0
135,16.0
136,16.0
137,16.0
138,16.0
139,17.0
140,17.0
141,17.0
142,17.0
143,17.0
144,18.0
145,18.0
146,18.0
147,18.0
148,18.0
149,18.0
150,18.0
151,18.0
152,18.0
153,18.0
154,18.0
155,18.0
156,18.0
157,18.0
158,18.0
159,18.0
160,18.0
161,18.0
162,18.0
163,18.0
164,18.0
165,18.0
166,18.0
167,18.0
168,18.0
169,18.0
170,18.0
171,18.0
172,18.0
173,18.0
174,18.0
175,18.0
176,18.0
177,18.0
178,18.0
179,18.0
180,18.0
181,18.0
182,18.0
183,18.0
184,20.0
185,20.0
186,20.0
187,20.0
188,20.0
189,20.0
190,20.0
191,20.0
192,20.0
193,20.0
194,20.0
195,20.0
196,20.0
197,20.0
198,20.0
199,20.0
200,22.0
201,22.0
202,22.0
203,22.0
204,22.0
205,22.0
206,22.0
207,23.0
208,23.0
209,23.0
210,23.0
211,23.0
212,24.0
213,24.0
214,24.0
215,24.0
216,24.0
217,24.0
218,24.0
219,25.0
220,25.0
221,25.0
222,25.0
223,25.0
224,25.0
225,25.0
226,26.0
227,26.0
228,26.0
229,26.0
230,26.0
231,26.0
232,26.0
233,26.0
234,26.0
235,28.0
236,28.0
237,28.0
238,28.0
239,28.0
240,28.0
241,28.0
242,28.0
243,29.0
244,29.0
245,29.0
246,29.0
247,29.0
248,29.0
249,29.0
250,29.0
251,29.0
252,29.0
253,29.0
254,29.0
255,29.0
256,29.0
257,29.0
258,30.0
259,30.0
260,30.0
261,30.0
262,30.0
263,30.0
264,30.0
265,30.0
266,30.0
267,30.0
268,30.0
269,30.0
270,30.0
271,30.0
272,30.0
273,30.0
274,31.0
275,31.0
276,31.0
277,31.0
278,32.0
279,32.0
280,32.0
281,32.0
282,32.0
283,32.0
284,32.0
285,32.0
286,32.0
287,32.0
288,32.0
289,34.0
290,34.0
291,34.0
292,34.0
293,34.0
294,34.0
295,34.0
296,34.0
297,34.0
298,34.0
299,34.0
300,34.0
301,34.0
302,34.0
303,34.0
304,34.0
305,34.0
306,34.0
307,34.0
308,34.0
309,34.0
310,34.0
311,34.0
312,34.0
313,34.0
314,34.0
315,34.0
316,34.0
317,34.0
318,34.0
319,34.0
320,34.0
321,34.0
322,34.0
323,34.0
324,34.0
325,34.0
326,34.0
327,36.0
328,36.0
329,36.0
330,36.0
331,36.0
332,36.0
333,36.0
334,36.0
335,36.0
336,36.0
337,36.0
338,36.0
339,36.0
340,36.0
341,36.0
342,36.0
343,36.0
344,36.0
345,36.0
346,36.0
347,36.0
348,36.0
349,36.0
350,36.0
351,36.0
352,36.0
353,36.0
354,36.0
355,36.0
356,36.0
357,36.0
358,38.0
359,38.0
360,38.0
361,38.0
362,40.0
363,40.0
364,40.0
365,40.0
366,40.0
367,40.0
368,40.0
369,40.0
370,40.0
371,40.0
372,42.0
373,42.0
374,44.0
375,44.0
376,44.0
377,44.0
378,44.0
379,44.0
380,44.0
381,44.0
382,46.0
383,46.0
384,46.0
385,46.0
386,46.0
387,46.0
388,46.0
389,46.0
390,46.0
391,46.0
392,46.0
393,46.0
394,46.0
395,46.0
396,46.0
397,46.0
398,46.0
399,46.0
400,46.0
401,46.0
402,46.0
403,46.0
404,46.0
405,46.0
406,46.0
407,46.0
408,46.0
409,46.0
410,46.0
411,46.0
412,46.0
413,46.0
414,46.0
415,46.0
416,46.0
417,46.0
418,46.0
419,46.0
420,46.0
421,46.0
422,46.0
423,46.0
424,46.0
425,46.0
426,46.0
427,46.0
428,46.0
429,46.0
430,46.0
431,46.0
432,46.0
433,46.0
434,46.0
435,46.0
436,46.0
437,46.0
438,46.0
439,46.0
440,46.0
441,46.0
442,46.0
443,46.0
444,46.0
445,46.0
446,46.0
447,46.0
448,46.0
449,46.0
450,46.0
451,46.0
452,46.0
453,46.0
454,46.0
455,46.0
456,46.0
457,46.0
458,46.0
459,46.0
460,46.0
461,46.0
462,46.0
463,46.0
464,46.0
465,46.0
466,46.0
467,46.0
468,46.0
469,48.0
470,48.0
471,48.0
472,48.0
473,48.0
474,48.0
475,48.0
476,48.0
477,48.0
478,48.0
479,48.0
480,48.0
481,50.0
482,50.0
483,50.0
484,50.0
485,50.0
486,50.0
487,50.0
488,50.0
489,50.0
490,50.0
491,50.0
492,50.0
493,50.0
494,50.0
495,50.0
496,50.0
497,50.0
498,50.0
499,50.0
500,50.0
501,50.0
502,50.0
503,50.0
504,50.0
505,50.0
506,50.0
507,50.0
508,50.0
509,50.0
510,50.0
511,50.0
512,50.0
513,50.0
514,50.0
515,50.0
516,50.0
517,50.0
518,50.0
519,50.0
520,50.0
521,50.0
522,50.0
523,50.0
524,50.0
525,50.0
526,50.0
527,50.0
528,50.0
529,50.0
530,50.0
531,50.0
532,50.0
533,50.0
534,50.0
535,50.0
536,50.0
537,50.0
538,50.0
539,50.0
540,50.0
541,50.0
542,50.0
543,50.0
544,50.0
545,52.0
546,52.0
547,52.0
548,52.0
549,52.0
550,52.0
551,52.0
552,52.0
553,52.0
554,52.0
555,52.0
556,52.0
557,52.0
558,52.0
559,52.0
560,54.0
561,54.0
562,54.0
563,54.0
564,54.0
565,54.0
566,54.0
567,54.0
568,54.0
569,55.0
570,55.0
571,55.0
572,56.0
573,56.0
574,56.0
575,56.0
576,56.0
577,56.0
578,56.0
579,56.0
580,56.0
581,56.0
582,56.0
583,56.0
584,56.0
585,56.0
586,56.0
587,56.0
588,56.0
589,56.0
